135
25
191
314
157
18
145
192
68
722
385
0
3
145
9
54
0
90
55
535
120
289
55
493
25
36
36
205
428
489
194
5
217
239
289
0
1
267
60
238
192
76
5
130
190
128
47
331
6
70
341
14
386
517
36
26
50
14
25
237
44
35
78
545
197
114
205
158
18
21
27
6
237
137
343
165
62
41
512
23
437
286
16
97
554
100
16
31
23
70
102
1
168
71
271
207
181
108
321
10
457
170
249
1
337
0
1
253
142
40
2
53
31
62
18
29
3
119
27
69
153
469
12
222
19
26
57
37
74
275
160
7
61
12
194
1
147
107
0
139
406
196
38
115
261
22
22
38
99
17
47
28
79
130
66
58
189
167
45
54
99
42
150
76
86
128
406
199
213
19
73
113
63
65
547
541
68
546
38
83
93
17
155
46
92
32
454
40
263
14
4
98
103
37
9
51
12
144
71
5
171
65
196
395
3
11
33
203
102
314
3
30
1
30
417
4
111
172
318
