1
12
27
26
18
14
1
0
0
4
109
0
0
0
2
3
0
17
2
2
3
5
1
1
0
7
0
28
43
3
48
0
2
4
30
0
1
0
0
8
58
76
1
2
64
120
2
1
0
16
4
1
82
43
1
3
0
14
0
0
0
35
15
23
37
15
19
0
0
6
27
2
11
32
11
118
47
3
15
1
0
0
3
8
23
4
1
4
3
20
3
0
55
0
8
0
0
0
3
0
14
0
74
0
74
0
1
20
11
10
0
0
2
2
7
27
0
29
5
4
42
2
4
60
4
0
8
3
25
90
3
7
11
0
0
0
4
29
0
12
81
44
38
4
17
3
3
7
55
0
0
3
1
69
16
29
0
8
7
0
4
1
11
6
0
0
0
39
195
3
1
20
4
19
0
0
13
67
4
5
1
1
72
1
3
2
3
0
3
0
0
2
3
21
2
23
1
39
24
1
2
2
6
0
3
0
12
0
0
44
0
15
1
4
33
0
7
5
29
