135
25
191
314
157
18
145
192
68
722
385
3
3
145
9
54
0
90
55
561
120
289
55
493
25
36
381
205
428
576
194
16
217
239
289
0
1
267
298
238
192
76
5
320
190
128
47
331
6
70
359
14
386
517
36
26
59
14
25
237
44
35
78
545
197
114
205
158
18
21
27
40
237
137
343
165
62
41
512
23
437
286
17
126
554
100
76
31
23
70
173
1
168
71
271
207
181
108
332
195
457
170
249
22
337
3
1
253
142
40
22
53
31
62
18
29
13
119
31
69
153
469
12
222
19
26
57
64
74
275
160
7
61
23
352
7
147
107
0
169
406
196
38
115
261
22
22
38
99
17
47
28
79
130
159
58
189
167
45
54
99
110
150
76
86
128
406
199
213
19
93
113
63
65
959
541
68
546
77
83
93
17
155
46
104
32
454
40
263
25
21
98
103
37
39
51
12
144
71
5
171
65
196
395
3
13
33
438
102
314
68
30
1
30
417
27
111
172
318
