1
25
127
76
90
18
3
1
6
49
385
0
2
0
6
10
0
51
5
34
6
22
25
68
0
21
0
164
428
21
194
1
9
42
135
0
1
22
0
34
155
76
3
9
187
128
17
8
3
57
9
2
331
380
7
16
6
14
2
69
2
35
24
249
122
78
54
0
0
21
27
3
175
137
45
165
62
15
80
9
11
8
6
16
172
54
4
23
7
70
5
0
168
13
136
4
6
6
6
0
80
120
249
0
193
0
1
78
61
40
0
0
16
5
18
29
0
119
9
19
153
16
9
222
7
0
29
6
47
275
23
7
24
0
0
0
58
96
0
24
406
168
38
34
155
4
4
13
99
0
11
11
6
130
23
58
0
26
21
0
15
8
21
13
7
20
0
199
213
19
4
41
40
38
2
1
63
232
6
82
4
1
155
2
14
4
67
3
28
1
1
2
12
37
2
51
2
136
49
1
19
9
100
24
3
0
33
0
2
131
0
24
1
30
150
0
36
23
318
