102
25
191
235
157
18
101
72
68
305
385
0
3
75
9
54
0
90
29
285
34
228
55
493
25
36
0
205
428
229
194
3
138
239
289
0
1
224
2
112
192
76
5
54
190
128
47
177
4
70
51
10
386
517
36
26
9
14
25
237
44
35
54
545
197
114
205
6
2
21
27
3
237
137
342
165
62
41
389
23
424
232
14
48
478
100
7
31
23
70
32
1
168
71
271
50
67
84
33
0
393
170
249
1
337
0
1
240
142
40
2
23
31
28
18
29
1
119
17
69
153
257
12
222
19
10
57
11
72
275
160
7
53
0
3
0
147
107
0
83
406
196
38
95
261
8
11
24
99
5
47
28
52
130
36
58
0
118
41
1
51
17
62
48
78
128
35
199
213
19
22
113
63
65
57
237
68
484
12
83
48
7
155
14
52
16
437
40
263
6
1
10
103
37
6
51
12
144
71
4
171
37
196
303
3
0
33
23
33
310
0
30
1
30
417
1
111
135
318
