19
9
0
835
12
0
11
0
0
0
1
473
0
65
10
35
0
44
0
156
6
2
0
0
8
13
0
0
0
34
6
4
14
54
0
779
0
13
240
0
15
45
13
166
1
2
127
1001
1
5
23
468
0
182
27
117
49
0
0
329
148
19
0
2
115
0
58
5
18
0
14
46
0
2
69
12
285
198
154
426
0
0
135
277
1
53
0
61
58
67
30
103
0
1
1
10
0
0
0
6
115
6
25
5
0
0
590
980
62
25
152
10
2
37
8
128
118
927
27
1
11
136
6
11
283
14
72
525
659
2
262
2
36
179
214
34
449
5
149
51
502
664
756
108
17
13
161
0
23
345
102
137
14
224
8
2
54
0
27
6
2
30
14
0
0
0
6
9
0
330
71
0
8
0
0
0
111
23
7
17
90
133
210
3
63
1
99
0
0
10
206
0
139
2
576
82
0
73
26
18
140
0
44
5
2
0
0
0
0
0
43
119
0
44
207
0
0
5
0
357
9
340
0
36
257
29
