510
153
1
1478
101
1
106
0
0
13
66
1320
0
960
101
1176
147
885
8
948
21
125
48
1
119
231
0
0
4
969
532
822
92
1055
8
953
3
703
519
1
290
590
341
699
1
172
1512
1637
8
241
1192
1064
1
1422
212
832
539
0
0
329
931
389
0
43
584
0
745
127
130
1
72
1053
131
149
1287
218
567
1431
374
936
0
0
1435
277
5
350
85
1359
765
804
350
1007
0
8
72
595
0
0
0
54
749
485
238
656
1
13
1683
980
652
962
152
786
111
725
259
827
1603
1512
539
2
544
351
788
404
339
822
1444
1073
1719
84
640
98
906
179
1548
188
1585
632
159
1079
1132
1776
951
681
790
389
161
0
531
809
644
870
446
761
1065
104
54
0
1090
95
9
436
998
1
0
0
306
576
26
1707
488
0
352
32
764
0
111
1078
255
612
208
426
1379
63
844
10
569
0
4
288
910
9
1236
14
1170
92
54
942
764
410
1072
48
427
68
2
0
0
1
0
0
377
925
2
1110
407
18
74
179
338
1158
407
1646
240
1060
257
1065
