510
550
443
1478
101
1107
1022
1010
409
118
1247
1320
1518
1414
1418
1580
1750
885
68
948
818
1869
48
1646
355
231
930
1824
519
1182
774
1504
492
1948
1161
953
1857
1147
519
1
710
724
1992
699
779
1051
1537
1637
636
1135
1192
1064
1346
1632
212
832
1065
48
1308
329
931
1732
1365
43
1365
363
745
338
130
591
72
1504
429
808
1287
218
567
1431
374
936
615
809
1435
277
1341
1935
1446
1560
770
1029
350
1007
1022
1618
72
1351
1416
1198
380
954
1184
485
238
1953
1
1501
1793
980
1870
1663
152
1280
138
725
259
1563
1637
1512
539
1480
746
351
1075
404
339
1492
1488
1073
1879
772
640
1828
906
179
1548
188
1585
1180
159
1647
1132
1810
951
681
1740
570
161
1011
531
809
644
1935
656
761
1592
548
54
1401
1553
1134
1135
1896
436
690
945
1264
1034
1484
268
1735
488
1906
857
126
1336
1503
111
1470
255
1202
208
426
1379
693
1341
359
569
359
1616
1614
910
802
1613
1602
1170
92
824
1365
1767
1458
1072
245
427
428
2
895
1831
1514
1786
1433
1736
1086
2
1110
407
980
1564
1329
1849
1158
1628
1658
1593
1126
257
1513
