510
550
243
1478
101
18
1022
228
399
118
1247
1320
0
1414
1418
1580
1750
885
68
948
818
1527
48
1493
355
231
0
0
519
1182
774
1504
492
1923
1161
953
138
1147
519
1
710
724
1832
699
779
1051
1537
1637
636
1135
1192
1064
137
1632
212
832
1065
48
148
329
931
1592
2
43
1365
0
745
338
130
18
72
1504
429
808
1287
218
567
1431
374
936
8
13
1435
277
539
1437
1446
1560
770
1029
350
1007
8
1548
72
1351
0
121
380
954
1184
485
238
1953
1
1317
1793
980
1658
1663
152
1280
138
725
259
1563
1637
1512
539
184
746
351
1075
404
339
1492
1488
1073
1879
772
640
1490
906
179
1548
188
1585
1180
159
1647
1132
1810
951
681
1740
570
161
733
531
809
644
1686
656
761
1592
548
54
0
1553
1134
1113
1896
436
424
272
0
1034
1484
268
1735
488
2
857
126
1336
10
111
1470
255
1202
208
426
1379
693
1341
359
569
21
1446
1614
910
802
1613
1099
1170
92
824
1365
1767
1458
1072
245
427
428
2
0
539
448
52
0
1584
1086
2
1110
407
980
1564
1329
1849
1158
1628
1658
1593
1126
257
1513
