0
2
0
140
5
0
2
0
0
0
1
64
0
16
0
0
0
4
0
16
2
0
0
0
0
5
0
0
0
5
1
3
3
17
0
107
0
0
32
0
2
3
4
18
1
2
10
161
0
1
2
61
0
26
7
10
14
0
0
57
28
0
0
0
32
0
0
0
8
0
1
9
0
0
0
3
21
20
14
38
0
0
17
258
1
16
0
5
8
13
0
8
0
0
1
3
0
0
0
2
37
1
2
1
0
0
98
240
10
1
25
0
2
3
2
13
13
187
1
0
1
32
0
5
39
1
2
72
93
0
25
2
4
32
16
9
58
0
8
5
68
84
121
19
0
3
22
0
0
27
3
25
0
11
1
2
5
0
3
0
0
0
2
0
0
0
0
0
0
30
5
0
3
0
0
0
20
3
0
3
5
12
23
2
10
0
16
0
0
2
12
0
11
0
61
7
0
13
0
5
16
0
0
0
2
0
0
0
0
0
8
20
0
3
16
0
0
0
0
57
0
19
0
4
41
3
