35
26
19
23
91
30
22
19
44
46
13
36
62
15
32
66
46
22
34
6
19
91
32
24
36
42
11
72
8
26
28
26
96
51
14
34
27
33
16
58
36
21
36
39
24
83
57
39
22
23
28
37
17
16
37
35
24
79
77
72
60
47
27
60
24
21
65
24
26
48
22
30
24
58
87
35
86
67
47
4
64
28
51
39
34
13
19
25
45
72
23
44
79
142
34
37
56
36
67
36
27
13
50
20
28
37
32
48
42
14
13
32
73
9
26
49
74
22
42
28
6
66
38
30
49
41
30
8
13
53
14
38
9
20
66
88
16
7
17
50
198
24
23
111
13
63
81
58
34
37
51
85
81
46
51
81
58
37
60
25
41
33
110
98
6
59
62
70
27
38
65
18
73
48
59
64
82
137
42
52
27
82
50
34
73
44
41
42
43
62
157
46
62
58
82
59
99
139
60
81
45
50
24
15
85
14
25
104
38
60
50
65
37
40
40
93
105
49
42
157
32
90
88
53
56
70
58
52
190
67
23
68
64
71
46
13
15
115
91
119
41
115
71
14
77
269
48
43
86
21
149
34
51
140
77
74
97
29
48
45
61
105
45
155
170
26
85
10
105
47
5
101
11
16
32
14
53
26
69
57
70
83
35
37
33
25
47
59
64
67
37
96
127
102
209
35
39
34
61
21
54
37
71
15
19
83
44
85
34
6
46
40
10
119
118
104
181
39
72
53
6
226
65
199
21
84
100
66
128
60
39
107
87
61
75
51
125
133
66
22
58
51
53
113
97
98
23
95
102
54
52
67
207
165
220
139
57
152
112
62
112
80
18
139
246
123
19
32
54
122
117
57
41
107
23
73
36
43
172
131
106
214
140
32
61
102
163
59
63
25
35
183
103
69
52
138
62
144
158
55
45
70
49
107
75
115
76
78
45
122
182
11
82
57
36
48
58
47
17
42
95
33
26
53
123
78
31
53
19
42
48
30
245
89
51
100
308
100
11
82
56
68
73
65
115
88
141
104
127
125
112
53
145
66
99
61
28
123
45
27
26
182
77
44
26
118
103
94
188
139
162
76
38
95
150
45
144
97
51
67
29
88
64
112
64
77
64
114
231
68
74
46
112
55
40
57
210
110
151
73
142
141
102
128
25
171
78
117
95
103
164
146
111
72
85
180
141
106
46
178
89
152
138
1
52
143
77
9
129
88
22
40
39
64
55
114
37
35
62
42
105
295
35
94
234
10
29
128
222
43
42
66
56
174
71
68
59
47
2
107
20
399
227
189
168
259
26
112
58
89
195
49
34
47
134
172
42
56
45
145
130
61
49
97
95
252
96
58
80
291
339
79
75
278
75
120
338
53
58
28
69
91
85
186
85
291
68
160
62
117
21
177
72
124
31
111
19
53
144
150
108
111
128
77
130
280
44
68
244
92
131
74
104
423
87
131
23
130
167
184
211
175
109
89
82
214
49
120
137
38
99
41
158
118
221
140
193
95
55
42
305
94
148
69
236
101
35
204
153
132
167
201
280
39
71
24
6
194
10
168
170
33
77
48
83
267
83
180
84
112
125
215
123
144
99
85
37
258
145
130
171
243
79
161
226
100
57
61
80
44
6
150
104
111
180
138
106
64
342
180
178
183
190
71
18
265
81
194
43
241
260
120
153
55
35
279
64
227
208
118
139
233
94
143
116
137
103
259
136
124
253
348
220
74
18
263
103
155
44
205
145
356
66
40
109
69
634
402
28
353
49
116
97
5
193
7
19
190
671
88
188
66
206
56
158
117
136
161
256
81
34
88
170
100
122
158
100
269
161
370
285
202
414
273
99
168
89
109
345
117
113
62
81
81
297
192
40
108
106
272
113
239
72
145
382
295
319
60
116
138
25
99
120
168
38
138
149
157
123
110
1
63
240
40
79
42
70
98
243
174
331
34
65
141
230
217
0
1
33
38
2
204
108
200
270
132
25
201
0
165
88
230
220
106
240
112
124
542
79
200
94
32
89
146
14
331
137
392
98
129
176
195
375
68
94
67
226
80
180
45
231
146
98
254
273
235
49
224
195
280
215
79
37
118
74
367
38
226
246
217
91
19
347
122
219
294
258
92
384
171
68
288
195
145
84
44
112
334
243
106
146
212
282
33
129
224
705
45
120
92
237
590
238
224
98
95
9
163
197
82
117
199
348
199
187
48
176
241
276
634
56
184
273
34
304
44
124
47
6
315
194
180
179
24
99
129
171
278
327
106
172
90
118
117
203
218
190
360
223
418
