1
3
6
9
5
4
3
0
3
13
6
2
0
3
6
13
11
9
4
3
0
1
11
0
6
6
35
12
2
0
3
5
5
4
8
6
7
1
7
2
4
5
27
7
14
6
0
12
0
0
9
2
0
0
5
9
20
4
4
32
10
9
8
6
0
14
10
1
8
2
6
3
5
0
12
18
11
8
0
5
0
14
2
14
3
10
1
6
0
0
0
5
24
2
4
5
21
1
5
7
0
13
4
5
1
1
14
10
0
8
12
12
7
11
3
2
17
8
1
14
1
0
3
6
4
7
1
2
2
15
5
2
0
7
0
11
11
2
7
3
3
8
3
7
0
12
9
10
10
13
0
2
4
12
9
1
4
0
21
0
3
14
0
6
1
10
4
3
12
13
2
1
0
1
3
8
13
0
27
16
7
7
0
11
3
10
5
1
5
3
1
0
0
1
2
9
8
6
17
4
10
0
4
8
4
2
5
11
5
8
8
0
15
7
0
1
9
7
5
7
13
0
7
19
0
10
11
6
2
11
3
0
11
2
0
0
7
11
1
2
5
0
1
4
4
1
1
18
1
14
5
5
0
7
1
7
1
6
19
15
5
6
5
3
7
0
1
2
9
12
6
0
8
2
19
3
11
3
1
4
2
9
6
1
6
11
0
3
2
1
3
4
25
1
26
14
0
2
14
2
1
8
19
0
8
8
6
8
4
1
0
7
0
11
0
19
0
5
16
4
3
2
5
9
3
8
2
1
3
6
3
3
2
64
45
2
0
4
2
16
1
3
20
3
7
1
0
10
7
8
8
3
1
8
29
1
0
6
3
21
3
3
1
16
2
7
7
13
1
0
1
4
3
6
0
3
15
0
0
2
1
2
1
3
2
0
2
4
8
20
3
2
7
9
3
1
8
1
24
13
2
17
0
3
0
11
4
2
6
2
10
16
11
2
3
15
17
46
0
2
0
2
40
1
0
3
6
3
1
9
13
1
7
3
3
11
3
3
4
11
2
0
19
4
12
9
9
9
0
1
1
24
5
3
2
6
18
4
14
0
10
0
7
7
28
0
9
5
16
4
0
4
22
1
28
0
4
4
0
1
2
5
8
0
1
9
8
1
1
5
0
6
16
2
0
6
11
5
4
24
9
7
0
5
4
4
14
1
0
5
5
5
1
2
1
2
0
16
39
1
5
0
2
1
11
3
9
6
4
11
14
2
5
0
9
9
6
32
4
0
10
3
3
21
7
4
3
6
7
3
0
0
9
25
4
5
0
6
2
0
11
7
0
24
4
0
0
18
0
1
7
2
21
22
1
5
2
1
14
3
2
15
2
3
6
0
0
0
26
8
15
37
7
3
2
16
0
8
3
2
1
6
7
3
1
7
0
4
6
12
28
9
0
3
6
7
2
11
8
1
4
9
6
24
0
6
2
0
7
8
4
7
2
2
3
10
9
8
3
0
0
6
6
2
1
0
7
19
0
1
4
3
4
0
0
6
8
7
7
7
0
12
1
26
2
0
5
6
7
21
3
3
17
1
14
0
7
2
2
5
4
2
8
8
3
9
2
0
11
8
1
13
1
10
0
4
4
7
2
5
5
0
3
6
13
0
3
9
11
10
2
12
5
3
7
0
6
1
2
6
6
5
6
1
0
16
10
8
3
0
5
6
0
2
0
5
0
0
11
5
0
1
12
2
26
0
11
4
3
17
9
7
3
9
1
0
5
0
4
8
5
2
9
3
0
3
14
26
0
11
21
17
12
0
3
8
0
1
35
7
0
2
4
2
0
2
3
2
6
2
4
8
1
7
7
25
0
14
2
1
10
15
0
11
12
9
5
4
1
2
2
1
0
1
4
8
3
18
12
2
0
2
3
9
1
7
1
0
14
1
8
0
1
5
4
9
0
1
10
5
6
0
16
3
0
1
0
1
0
1
3
2
1
5
4
13
2
13
2
1
9
0
1
7
1
11
5
2
2
2
1
1
4
4
4
8
1
5
5
1
13
18
18
4
5
1
6
8
15
3
0
1
1
1
4
2
0
10
10
12
5
2
10
13
0
3
8
7
2
3
0
2
4
5
6
0
3
0
15
7
1
18
7
9
1
6
2
16
6
0
1
0
53
8
1
8
6
7
6
0
7
10
0
10
0
17
19
5
3
16
0
4
8
11
0
9
0
23
11
4
22
5
2
9
2
2
2
7
1
0
0
4
13
2
12
13
0
1
4
19
4
4
5
8
18
12
19
1
1
2
12
0
2
8
