2
9
34
13
7
10
8
11
8
41
7
19
12
31
15
47
14
33
12
3
1
2
12
0
11
10
75
23
3
2
6
6
8
9
13
6
25
7
18
19
13
23
131
30
35
8
0
37
1
0
17
11
7
0
11
14
49
11
20
188
35
15
26
26
0
27
10
3
10
2
11
5
20
0
39
27
24
20
0
6
0
29
6
27
4
15
2
7
0
0
0
7
61
18
13
17
30
10
11
40
1
26
10
5
5
4
21
12
2
23
15
18
9
35
15
4
52
8
1
53
28
1
10
15
10
8
2
6
29
20
8
10
2
26
0
21
22
3
13
3
20
38
4
37
7
12
17
11
17
13
1
117
7
16
35
3
17
0
120
2
13
40
5
6
18
28
6
3
19
23
8
1
16
6
12
25
29
0
100
104
25
16
2
14
4
18
12
9
21
7
1
0
6
5
4
21
13
10
21
6
26
0
26
17
12
6
10
31
21
17
17
3
49
10
0
37
34
13
27
9
13
0
9
61
0
14
28
10
10
16
20
11
31
7
0
0
32
36
6
5
6
0
2
12
4
3
1
22
2
41
17
5
11
13
5
11
1
15
58
20
9
19
8
20
13
5
28
3
19
21
7
0
13
5
30
11
21
4
7
28
2
19
31
11
17
30
1
5
3
2
8
5
49
22
97
29
0
9
29
4
5
22
19
0
9
42
20
22
8
2
1
15
1
16
5
21
1
29
21
5
3
2
6
14
4
25
22
9
7
15
8
3
3
110
83
6
1
10
2
16
2
7
56
6
15
1
2
17
22
14
15
24
2
9
73
1
1
18
18
42
12
4
19
24
9
11
8
28
1
5
1
7
4
33
0
10
33
5
7
4
8
5
3
6
21
0
4
9
13
72
8
3
22
11
10
6
13
8
27
39
3
31
0
9
0
11
6
10
43
3
30
20
24
7
3
38
27
101
0
15
0
2
97
5
0
5
29
14
7
11
29
6
10
20
6
29
5
10
13
36
30
0
25
4
18
17
16
62
1
18
4
57
24
9
2
15
40
6
85
1
12
2
18
18
32
0
24
6
32
15
0
12
104
2
118
0
5
27
0
1
15
13
14
1
2
10
12
2
1
9
3
6
19
7
3
28
21
6
9
87
30
19
0
26
10
8
72
1
0
9
10
24
6
9
5
4
2
52
91
5
7
0
32
2
27
24
18
16
10
17
47
3
10
3
12
27
8
72
6
1
19
18
7
37
13
6
6
17
10
5
1
1
10
45
14
5
2
6
12
0
33
8
0
46
22
4
1
61
2
1
18
7
33
24
2
29
5
22
83
3
2
63
11
8
23
10
2
0
38
10
19
61
9
9
10
33
1
24
3
3
2
13
8
3
1
7
1
6
17
12
52
13
0
12
17
11
16
24
18
4
11
16
10
47
0
11
4
4
20
19
5
7
3
7
7
31
47
11
5
2
0
23
12
21
4
0
16
82
0
3
4
6
6
0
1
13
13
14
14
8
16
17
8
99
4
9
5
9
12
38
17
10
29
6
26
7
28
3
6
8
12
3
37
36
5
19
2
5
45
8
21
95
17
10
0
4
4
10
3
18
22
1
11
7
29
0
15
17
31
23
6
15
10
3
38
1
26
35
6
8
7
5
7
2
2
16
22
24
4
2
9
14
2
5
0
14
3
1
24
6
0
10
17
4
34
7
17
5
10
41
37
14
8
12
7
0
11
0
9
22
16
4
15
10
0
8
62
109
0
42
29
60
24
0
6
24
1
7
85
19
2
6
4
3
2
5
6
3
12
2
31
22
1
13
17
44
4
36
7
2
20
26
0
16
15
20
11
17
1
4
2
11
0
3
9
71
7
35
13
3
1
5
11
14
9
49
2
0
22
4
23
0
7
9
5
16
1
1
14
10
7
0
24
13
0
6
0
3
0
2
4
4
3
9
8
26
7
21
3
2
13
3
1
18
1
54
7
19
5
2
2
1
10
8
15
17
1
8
6
1
33
40
76
8
8
1
14
33
31
10
0
1
1
1
12
8
1
28
20
27
15
11
26
19
1
7
36
8
3
7
1
11
6
22
19
0
12
0
36
9
1
50
20
12
3
12
6
89
6
8
2
5
209
13
2
12
39
30
37
1
30
10
0
10
1
31
63
9
4
31
0
16
8
116
7
23
3
88
18
9
60
12
15
11
3
5
17
14
6
3
1
5
48
2
24
23
3
4
7
22
4
7
7
24
52
24
26
13
1
2
12
2
4
10
