6
44
95
165
30
22
57
85
114
216
7
78
47
104
120
238
148
234
113
3
38
28
59
273
68
144
129
48
155
136
30
32
167
78
146
64
169
18
51
324
157
89
214
139
35
87
31
50
155
211
52
29
28
20
69
96
329
120
258
618
66
15
51
226
72
188
10
58
27
2
11
162
107
18
213
42
184
208
86
86
2
29
90
324
102
44
171
28
44
50
0
353
82
148
148
44
203
11
138
109
144
156
28
5
163
63
141
174
13
68
120
57
314
87
131
61
195
8
38
110
266
59
71
230
76
8
101
26
29
144
120
124
28
93
22
166
166
4
308
55
82
233
74
447
51
12
70
58
71
56
30
226
44
91
66
109
141
53
275
152
27
244
189
191
215
57
11
132
245
164
47
78
103
31
130
37
89
2
138
105
86
72
331
42
17
64
286
197
136
53
45
129
6
49
151
191
72
122
62
29
26
91
169
18
24
12
244
49
75
470
80
138
79
17
67
95
244
76
87
28
13
130
9
109
34
40
41
10
64
199
281
98
86
25
291
57
573
36
65
44
76
299
137
38
123
4
23
22
68
250
33
259
179
82
197
279
85
43
265
42
71
156
92
20
34
67
140
87
88
296
97
78
88
70
30
159
115
11
29
28
32
74
68
17
17
116
199
5
7
63
136
10
60
265
124
53
49
133
59
76
132
31
19
30
23
42
124
52
42
80
88
106
44
355
104
70
95
71
21
46
421
25
6
20
188
89
154
30
98
238
77
156
44
110
229
31
105
51
188
16
3
106
259
37
155
105
4
32
191
140
216
242
4
35
110
59
5
151
184
221
81
21
120
27
81
212
59
55
95
109
9
179
15
34
283
10
79
250
100
154
203
55
3
64
158
49
42
83
26
435
10
55
157
44
22
63
13
171
71
289
368
139
30
120
62
11
30
102
577
3
191
28
41
15
6
170
139
101
0
126
1
2
135
67
145
63
259
83
47
342
29
156
141
21
55
68
40
62
226
353
209
32
25
74
107
167
118
272
38
146
125
125
76
14
86
25
45
16
236
134
74
251
140
127
166
393
47
142
252
200
72
36
309
80
122
47
72
329
191
82
32
59
57
135
13
219
129
84
43
83
141
6
20
30
207
151
348
242
59
235
409
25
10
78
37
300
213
252
27
50
108
227
15
15
12
58
63
297
127
161
204
49
403
2
114
279
132
20
168
31
272
66
29
11
315
110
97
119
32
129
19
33
42
136
71
125
39
64
62
27
22
93
10
45
141
5
42
122
68
203
77
178
3
329
48
28
63
100
744
27
51
19
168
24
60
252
44
64
179
3
132
90
230
24
35
227
94
65
207
11
49
64
9
9
114
83
56
283
18
112
12
54
30
175
107
7
60
161
27
12
62
72
0
164
27
20
135
342
141
165
101
214
117
62
58
52
128
160
26
483
73
22
52
79
41
33
48
11
102
130
185
92
162
222
168
238
89
218
315
97
63
44
171
79
1
23
103
79
186
37
159
108
119
282
34
34
104
185
81
80
36
83
41
146
65
68
160
73
11
199
18
24
92
40
52
85
48
69
87
8
114
187
17
64
344
4
8
101
283
39
90
19
140
11
181
9
134
74
31
318
39
21
28
74
173
2
102
89
6
132
19
5
55
55
207
16
115
58
41
152
47
83
88
135
15
148
44
60
33
44
136
138
168
27
66
87
239
113
72
150
190
31
36
62
108
125
155
96
200
52
41
282
34
262
1
48
62
109
236
133
41
196
81
0
70
24
79
383
350
41
17
86
27
12
111
136
251
99
13
2
345
97
87
52
75
46
177
69
299
102
169
35
39
62
155
20
103
98
235
5
97
24
59
61
176
168
33
141
13
10
23
11
63
65
115
83
86
165
92
36
47
140
7
148
17
384
42
1
46
27
140
0
24
198
44
130
88
111
1
65
71
60
55
119
20
98
58
188
137
137
49
144
203
265
89
430
37
19
29
9
16
13
107
43
194
88
7
14
27
235
223
149
119
84
32
28
14
219
141
33
20
34
46
13
92
39
148
120
54
92
127
294
44
19
31
16
452
13
192
240
52
92
154
92
23
7
83
0
36
82
145
88
174
13
105
255
91
112
6
112
45
35
337
135
5
63
117
560
433
86
132
10
2
295
1
95
161
21
187
31
1
171
8
324
31
173
102
88
202
19
166
42
158
103
22
211
156
35
209
28
124
224
48
2
129
235
70
94
75
83
262
41
177
84
61
57
113
107
2
26
12
19
258
10
