6
23
95
41
10
22
16
23
20
81
7
21
26
61
56
180
34
109
23
3
38
5
21
0
17
29
129
48
35
2
10
32
17
41
37
12
63
18
51
63
48
54
214
139
35
9
1
50
2
7
29
24
28
0
57
33
136
30
33
618
65
15
44
157
1
75
10
10
22
2
11
14
77
2
197
42
176
25
0
11
1
29
15
143
18
44
2
14
1
0
0
64
82
70
148
27
94
11
50
109
42
54
28
5
38
12
106
25
13
68
42
46
33
84
40
4
193
8
12
110
78
5
71
136
29
8
21
7
29
61
14
20
9
93
0
63
44
3
44
3
77
233
48
106
51
12
58
32
63
17
3
226
8
35
66
6
33
14
275
3
27
209
14
7
77
57
11
41
83
48
47
16
103
31
46
37
89
1
138
105
59
57
20
26
14
25
68
46
81
20
1
0
6
23
14
43
44
36
62
9
26
0
99
18
24
12
32
49
75
45
59
13
79
17
5
95
73
27
62
13
13
12
9
109
11
35
39
10
39
33
66
98
86
25
0
0
203
36
19
18
11
0
23
38
16
3
1
22
39
106
33
11
65
47
21
20
4
43
143
36
16
57
56
20
23
18
140
3
60
94
62
6
35
20
30
43
109
6
29
28
4
40
68
17
17
55
3
5
6
15
21
10
60
265
124
53
0
38
59
27
17
31
19
6
16
42
46
52
42
16
3
22
26
30
18
38
13
71
21
46
21
9
6
20
37
89
154
30
22
43
60
3
7
110
185
10
1
42
26
16
2
21
148
12
65
105
2
32
87
38
37
80
4
24
110
18
5
125
118
134
37
9
102
27
38
47
14
55
13
11
4
51
15
34
9
10
79
6
45
46
51
8
3
27
93
15
12
54
26
208
10
10
52
41
16
18
13
52
40
126
3
67
0
13
1
11
30
48
508
3
191
28
41
15
5
95
123
101
0
18
0
2
135
9
3
16
105
47
47
15
29
62
65
21
20
60
17
40
35
94
209
0
25
39
64
60
33
272
2
90
9
125
76
14
63
25
45
12
236
4
28
4
58
75
71
45
47
9
115
57
1
29
309
2
122
6
7
91
5
4
32
48
37
4
13
40
25
24
1
22
3
6
20
18
3
103
90
7
16
196
116
25
0
48
37
20
213
26
0
11
36
146
15
15
12
12
9
233
127
5
72
1
403
2
114
129
42
20
38
31
271
16
29
11
59
79
25
119
32
11
19
33
11
136
31
7
19
55
57
8
1
2
10
45
64
5
14
58
33
0
77
26
0
78
48
20
2
100
2
2
38
19
100
24
17
155
34
64
179
3
3
90
96
24
35
44
26
0
66
11
49
64
9
9
65
81
6
89
18
9
5
35
12
25
5
7
8
67
27
12
62
72
0
105
27
16
51
71
72
15
36
27
19
62
2
22
15
6
26
113
6
14
20
22
18
33
48
11
6
2
3
92
37
95
36
13
89
218
1
11
7
34
40
5
1
23
41
23
52
20
43
56
45
282
9
11
19
29
19
80
36
23
40
13
65
50
75
10
11
54
18
3
81
40
12
40
8
22
87
8
114
187
17
53
4
4
8
18
12
39
49
14
49
11
90
9
34
20
31
99
29
21
28
4
87
2
69
89
6
8
19
5
24
8
2
16
54
58
15
3
16
18
3
18
1
30
9
3
33
20
1
18
68
25
54
23
25
27
58
80
59
31
23
16
27
49
35
9
18
52
41
13
34
17
0
41
62
109
0
111
40
196
61
0
7
24
2
165
169
29
2
83
8
3
2
14
46
5
13
2
187
40
8
52
42
46
6
69
36
2
144
35
19
38
23
20
75
35
4
5
34
24
3
5
93
168
19
140
13
4
3
11
39
48
84
83
4
0
59
10
47
9
7
47
5
66
10
1
46
22
25
0
24
32
0
45
0
26
1
15
33
18
10
55
19
68
18
65
3
2
48
7
15
53
1
318
16
19
16
2
6
5
42
12
48
20
5
14
27
1
105
149
119
32
19
2
14
177
58
16
12
2
3
12
36
39
44
70
31
92
48
41
44
19
9
7
240
8
33
84
12
68
20
65
23
0
32
0
36
32
6
88
87
13
7
29
16
112
6
35
5
18
337
19
4
21
117
145
282
1
120
10
0
37
1
78
161
21
18
31
0
75
8
324
31
91
102
88
52
19
155
27
68
60
3
18
98
32
9
6
7
5
48
2
103
97
8
6
14
46
15
19
25
55
61
57
108
83
2
3
12
11
7
10
