1
0
5
6
2
2
1
0
1
6
4
0
0
1
1
3
6
0
3
3
0
1
8
0
2
4
13
2
2
0
2
1
3
2
8
3
3
0
1
1
1
0
9
7
7
4
0
1
0
0
9
0
0
0
4
9
11
4
2
8
5
2
1
4
0
11
9
0
0
0
5
1
3
0
6
5
3
8
0
3
0
8
2
2
3
2
0
5
0
0
0
5
11
2
2
4
12
0
0
3
0
3
2
2
1
0
10
0
0
7
3
6
2
6
2
1
10
5
1
5
1
0
1
0
2
3
1
2
2
13
0
0
0
7
0
6
2
0
5
1
2
1
1
5
0
11
6
7
5
9
0
0
4
8
4
1
0
0
7
0
0
9
0
5
0
4
4
2
5
10
1
1
0
0
0
3
3
0
11
7
4
6
0
2
0
0
1
0
2
3
1
0
0
1
1
2
2
5
6
4
2
0
3
4
1
0
3
6
2
3
5
0
4
1
0
0
3
6
3
6
9
0
7
5
0
6
3
1
0
3
2
0
5
1
0
0
2
3
1
1
3
0
0
0
0
1
0
11
0
4
4
5
0
2
1
4
1
1
4
11
3
0
3
2
5
0
1
1
4
6
4
0
4
0
7
2
5
2
1
2
1
5
3
0
0
3
0
0
2
0
0
2
16
0
1
7
0
2
2
1
1
2
19
0
7
3
3
4
4
1
0
2
0
9
0
12
0
3
6
3
2
1
0
3
0
5
1
0
2
4
1
2
0
30
16
1
0
0
2
11
0
2
7
2
3
0
0
6
3
3
3
3
0
1
21
1
0
6
0
15
0
0
0
10
0
2
5
2
1
0
1
2
1
0
0
0
5
0
0
2
0
2
1
3
0
0
0
0
7
4
3
2
7
5
0
0
5
0
14
3
2
6
0
3
0
5
1
2
2
2
7
5
7
2
0
9
8
11
0
2
0
0
31
0
0
0
2
2
0
6
9
0
3
2
3
7
0
3
4
5
1
0
7
4
7
5
9
5
0
0
1
21
3
1
1
3
8
2
6
0
4
0
1
4
10
0
6
5
7
4
0
0
6
0
11
0
2
0
0
1
2
2
4
0
1
2
3
0
1
0
0
5
12
2
0
6
3
0
2
14
3
7
0
3
4
4
4
1
0
3
3
3
0
2
1
1
0
5
20
0
2
0
1
1
8
2
3
3
2
6
6
2
3
0
0
3
0
17
1
0
5
2
2
8
2
3
1
6
6
1
0
0
0
9
1
5
0
2
2
0
5
4
0
12
4
0
0
9
0
0
6
1
5
14
0
3
2
0
3
3
0
14
0
3
3
0
0
0
21
2
11
12
7
1
0
5
0
3
0
0
1
6
3
2
1
4
0
0
4
12
13
6
0
0
5
6
1
6
0
1
4
5
6
10
0
5
1
0
5
4
2
6
0
2
2
9
4
4
0
0
0
4
5
2
0
0
1
11
0
1
0
2
4
0
0
4
7
5
4
1
0
4
1
17
2
0
4
4
4
5
0
0
3
1
12
0
7
2
2
3
0
1
4
4
3
5
2
0
1
4
0
1
1
7
0
3
0
2
1
4
1
0
1
6
3
0
1
9
0
7
2
7
2
3
4
0
4
0
2
2
4
2
4
0
0
16
2
6
1
0
5
1
0
1
0
5
0
0
3
2
0
1
4
1
10
0
2
0
1
10
2
0
3
8
1
0
4
0
0
6
4
2
3
2
0
3
0
7
0
3
1
4
11
0
3
3
0
0
8
4
0
0
4
1
0
0
0
1
5
2
1
2
1
4
6
13
0
6
1
1
4
2
0
4
12
6
2
2
1
0
0
0
0
1
1
1
1
1
4
2
0
1
0
3
1
1
0
0
3
1
8
0
0
5
2
6
0
1
4
5
4
0
9
0
0
0
0
1
0
0
3
0
1
2
0
10
0
11
1
1
3
0
0
6
0
4
4
0
2
2
1
0
4
4
3
4
1
3
1
0
4
6
8
3
2
0
0
0
9
2
0
0
1
1
4
2
0
8
8
9
1
0
8
8
0
2
3
3
2
1
0
0
1
1
2
0
1
0
0
1
1
7
0
8
1
2
2
1
5
0
1
0
24
7
1
1
3
4
0
0
3
6
0
7
0
13
3
5
1
8
0
0
1
3
0
4
0
9
3
4
3
4
2
7
2
0
1
4
0
0
0
4
5
2
1
5
0
0
3
13
3
2
2
6
10
9
6
0
0
1
5
0
2
7
