6
44
95
145
30
22
57
85
42
189
7
51
47
93
120
238
148
234
107
3
38
14
47
3
68
144
129
48
141
34
25
32
62
78
135
28
169
18
51
198
157
89
214
139
35
14
4
50
46
93
52
29
28
1
69
96
268
115
61
618
66
15
51
226
12
150
10
31
27
2
11
103
107
17
213
42
184
79
1
18
2
29
65
324
102
44
7
23
2
3
0
248
82
148
148
44
203
11
138
109
144
156
28
5
138
56
141
86
13
68
120
57
146
87
129
7
195
8
38
110
214
31
71
230
76
8
101
18
29
144
25
124
28
93
6
166
108
4
172
3
82
233
74
207
51
12
70
58
71
56
4
226
13
91
66
97
141
53
275
41
27
244
59
22
215
57
11
132
245
126
47
78
103
31
130
37
89
1
138
105
86
72
132
42
17
60
221
164
136
53
23
23
6
49
53
104
72
122
62
19
26
1
169
18
24
12
77
49
75
160
80
59
79
17
14
95
154
76
87
28
13
130
9
109
34
40
41
10
64
120
211
98
86
25
0
31
508
36
65
44
25
27
76
38
87
3
23
22
68
232
33
31
179
82
40
59
4
43
265
42
66
156
92
20
34
44
140
52
88
202
97
61
88
70
30
118
115
11
29
28
7
74
68
17
17
114
29
5
7
30
95
10
60
265
124
53
0
133
59
76
45
31
19
12
23
42
108
52
42
56
11
86
44
173
104
70
62
71
21
46
137
25
6
20
188
89
154
30
98
160
77
8
17
110
229
18
6
51
188
16
3
106
259
37
155
105
2
32
191
140
146
242
4
35
110
59
5
151
184
221
81
21
120
27
81
212
58
55
95
102
9
179
15
34
50
10
79
102
100
126
203
49
3
64
158
49
42
83
26
383
10
42
107
44
22
63
13
171
71
266
113
139
1
93
3
11
30
102
577
3
191
28
41
15
6
170
139
101
0
33
0
2
135
47
53
63
254
83
47
115
29
156
141
21
55
68
40
62
102
197
209
32
25
74
107
167
97
272
7
146
32
125
76
14
86
25
45
16
236
118
69
19
140
127
166
261
47
49
252
198
3
36
309
44
122
47
35
234
71
17
32
59
57
62
13
212
55
84
16
44
38
6
20
30
116
151
222
69
51
235
372
25
4
78
37
285
213
246
0
18
108
227
15
15
12
58
32
297
127
7
204
10
403
2
114
275
120
20
125
31
272
66
29
11
281
110
97
119
32
85
19
33
23
136
71
26
32
64
62
25
2
93
10
45
141
5
42
122
68
1
77
73
0
123
48
28
12
100
56
3
51
19
168
24
60
252
44
64
179
3
15
90
230
24
35
227
94
49
188
11
49
64
9
9
114
83
46
184
18
80
12
54
17
58
31
7
56
161
27
12
62
72
0
164
27
20
102
262
141
64
101
115
70
62
7
44
128
72
26
364
22
22
52
58
41
33
48
11
39
9
11
92
161
222
168
238
89
218
4
97
63
44
171
61
1
23
103
79
186
37
95
108
119
282
34
34
53
185
32
80
36
80
41
27
65
68
124
12
11
199
18
24
92
40
34
85
13
69
87
8
114
187
17
64
66
4
8
59
84
39
90
19
140
11
181
9
108
57
31
318
39
21
28
4
173
2
102
89
6
44
19
5
55
50
30
16
115
58
41
36
47
82
33
109
1
108
16
60
33
44
4
89
168
27
66
29
100
113
72
150
119
31
36
62
108
125
155
81
80
52
41
83
34
104
0
48
62
109
218
133
41
196
81
0
52
24
29
383
290
41
4
86
19
3
17
27
111
5
13
2
345
97
31
52
75
46
142
69
299
6
169
35
39
62
113
20
103
98
40
5
97
24
19
61
176
168
33
141
13
10
23
11
63
65
115
83
28
6
92
36
47
117
7
148
9
274
42
1
46
27
132
0
24
90
0
130
1
111
1
53
71
60
55
119
20
98
58
143
4
65
49
144
113
241
33
430
37
19
29
3
11
13
107
43
132
24
7
14
27
41
197
149
119
84
31
28
14
219
141
33
20
6
46
13
92
39
148
120
54
92
127
133
44
19
31
16
452
13
192
240
52
92
142
92
23
1
82
0
36
82
62
88
174
13
16
88
91
112
6
112
45
35
337
25
4
63
117
393
433
21
132
10
2
121
1
95
161
21
187
31
0
171
8
324
31
173
102
88
109
19
166
42
158
103
3
131
156
35
74
17
16
37
48
2
129
235
12
8
50
79
215
41
140
84
61
57
113
107
2
26
12
19
59
10
