0
2
0
1
2
0
0
5
0
2
1
4
1
2
1
1
1
0
1
0
0
1
1
2
0
0
2
1
3
0
1
2
0
0
0
5
2
2
3
4
4
2
0
0
6
2
2
1
2
0
1
2
1
1
2
0
0
0
2
0
1
3
4
9
0
0
0
2
0
1
0
1
1
5
1
0
2
1
3
2
0
0
2
1
0
5
0
2
3
3
7
0
1
6
0
2
0
5
6
2
8
1
3
2
4
0
2
1
3
11
0
5
0
1
0
0
0
2
1
1
1
3
2
2
0
0
1
3
0
2
1
0
7
7
10
1
6
14
7
1
0
1
0
0
1
1
1
11
0
3
1
2
1
0
1
0
1
0
0
9
2
2
7
2
6
5
3
1
9
5
1
0
1
0
8
4
2
6
3
0
1
0
1
0
0
0
1
0
0
1
4
0
4
0
4
11
1
0
0
0
2
0
0
1
0
10
9
0
1
2
6
0
0
0
0
14
4
0
0
2
1
0
0
0
2
1
1
5
7
2
14
1
7
8
2
0
0
0
1
3
8
3
0
2
1
0
1
0
1
0
0
1
1
0
2
0
2
1
1
12
0
0
2
1
0
0
1
0
4
0
2
3
0
1
1
0
1
1
0
1
12
10
1
1
0
1
2
6
1
5
2
0
2
8
0
0
1
0
2
0
0
0
3
0
0
0
16
0
2
0
1
9
2
1
1
2
2
0
0
0
0
0
2
1
1
0
4
4
0
0
10
0
4
1
1
0
6
1
6
2
1
0
3
2
0
2
0
0
0
8
1
1
3
1
0
0
0
1
5
5
0
6
0
0
0
1
0
0
1
3
8
0
22
11
0
2
2
0
4
0
2
0
1
1
2
1
1
1
0
0
0
0
8
3
0
3
0
15
2
2
0
4
2
0
0
0
1
0
1
0
0
1
0
0
0
0
0
0
1
1
0
0
0
3
0
0
1
1
2
3
0
0
6
0
1
1
14
0
2
28
1
35
0
0
1
0
10
2
10
23
6
25
1
1
0
0
1
0
1
17
0
0
0
1
0
25
0
10
9
1
24
9
0
1
1
37
0
0
1
22
12
0
0
2
0
0
0
0
5
21
4
0
0
0
26
20
2
7
0
13
5
1
1
0
0
0
0
0
14
7
7
4
8
1
0
0
0
0
0
11
1
15
1
0
0
1
28
0
0
0
0
0
0
0
2
1
0
0
0
1
0
3
0
0
4
5
5
0
0
0
0
2
1
1
0
0
12
0
0
0
25
2
6
10
0
1
1
0
0
0
0
0
5
2
8
12
0
0
20
2
2
6
0
7
0
0
1
0
0
0
23
1
0
6
0
1
0
0
1
1
1
0
1
6
1
6
0
0
23
3
0
1
21
0
0
0
0
1
18
0
0
0
2
10
19
0
0
1
17
0
28
0
1
11
0
0
0
12
1
1
0
33
0
0
17
0
0
0
0
0
69
0
0
0
0
0
1
0
0
0
9
1
0
7
0
12
0
13
1
0
0
0
27
2
1
0
0
0
0
0
0
6
6
14
15
1
1
0
21
1
0
0
14
0
10
3
0
1
13
0
1
0
2
9
31
2
0
0
0
0
0
0
2
0
0
2
11
0
0
0
6
0
0
0
0
1
1
19
0
3
0
0
32
0
3
7
1
20
0
10
0
0
0
0
0
4
0
0
0
0
0
9
3
1
0
1
1
15
8
0
0
9
1
2
2
0
42
0
0
0
0
0
0
0
0
0
0
1
32
9
0
0
0
0
13
0
1
0
6
0
0
0
1
0
58
0
0
0
17
2
1
3
2
0
0
23
1
0
5
0
17
0
14
0
2
0
0
30
0
0
0
46
0
10
0
8
8
0
51
0
0
29
0
20
0
14
0
3
2
0
0
0
0
0
0
0
0
13
0
1
1
5
2
0
12
3
0
0
0
1
0
0
0
0
17
0
1
0
1
11
19
45
0
0
0
1
16
3
0
1
0
0
2
0
0
1
0
25
16
0
1
8
0
4
0
1
2
72
0
0
6
4
6
23
87
3
0
6
19
0
0
1
0
62
14
1
0
7
12
18
23
6
0
4
1
1
2
0
0
0
0
10
1
0
0
0
0
0
1
10
0
15
1
0
7
12
0
3
11
4
8
32
1
8
8
27
21
0
33
0
12
10
1
8
0
0
0
5
11
25
56
21
1
0
29
2
7
15
0
0
1
13
0
0
26
2
2
52
0
20
8
0
39
9
11
18
27
0
11
20
0
0
0
28
0
20
7
31
0
1
0
0
0
11
8
0
0
17
35
0
0
29
0
0
4
0
0
22
21
10
21
13
24
1
1
39
5
1
0
1
0
8
0
1
28
0
21
29
11
0
16
0
34
12
42
12
4
0
5
2
2
19
0
58
1
5
55
11
7
3
0
15
0
4
0
1
0
1
49
1
0
1
51
2
0
2
0
0
3
0
7
0
43
0
36
0
12
2
22
0
0
0
0
0
0
1
14
18
0
0
45
0
27
0
9
0
8
0
0
2
24
0
1
0
20
1
1
0
9
0
0
0
0
0
0
0
0
0
1
33
42
0
0
6
0
1
0
0
0
0
0
0
0
0
0
0
0
0
0
0
0
0
0
0
0
0
0
0
0
0
0
0
0
0
0
0
0
0
0
0
0
0
0
0
0
0
0
0
0
0
0
0
0
0
0
0
0
0
0
0
0
0
0
0
0
0
0
0
0
0
0
0
0
0
0
0
0
0
0
0
0
0
0
0
0
0
0
0
0
0
0
0
0
0
0
0
0
0
0
0
0
0
0
0
0
0
0
0
0
0
0
0
1
0
0
0
0
0
1
0
0
0
0
0
0
0
0
0
0
0
0
0
0
0
0
0
0
0
0
0
0
0
0
0
0
0
0
0
0
0
0
0
0
0
0
0
0
0
0
0
0
0
0
0
0
0
0
0
0
0
0
0
0
0
0
0
0
0
0
0
0
0
0
0
0
0
0
0
0
0
0
0
0
1
0
0
0
0
0
0
0
0
0
0
0
0
0
0
0
0
0
0
0
0
0
0
0
0
0
1
0
0
0
0
0
0
1
0
0
0
0
0
0
0
0
0
0
0
0
0
0
0
0
0
0
0
0
1
0
0
0
0
0
0
0
0
0
0
0
0
0
0
0
0
0
0
0
0
0
0
0
0
0
0
0
0
0
0
0
0
0
0
0
0
0
0
0
0
0
0
0
0
0
0
0
0
0
0
0
0
0
0
0
0
0
0
0
0
0
0
1
0
0
0
0
0
0
0
0
0
0
0
0
0
0
0
0
0
0
0
0
0
0
0
0
0
0
0
0
0
0
0
0
0
0
0
0
0
0
0
0
0
0
0
0
0
0
0
0
0
0
0
0
0
0
0
0
0
0
0
0
0
0
0
0
1
0
0
0
0
0
0
0
0
0
0
0
0
0
0
0
0
0
0
0
0
0
0
0
0
0
0
0
0
0
0
0
0
0
0
0
0
0
0
0
0
0
0
0
0
0
0
0
0
0
0
0
0
0
0
0
0
0
0
0
0
0
0
0
0
0
0
0
0
0
0
0
0
0
0
0
0
0
0
0
0
0
0
0
0
0
0
0
0
0
0
0
0
0
0
0
0
0
0
0
0
0
0
0
0
0
0
0
0
0
0
1
0
0
0
0
0
0
0
0
0
0
0
0
0
0
0
0
0
0
0
0
0
0
0
0
0
0
0
0
0
0
0
0
0
0
0
0
0
0
0
1
0
0
0
0
0
0
0
0
0
0
0
0
0
0
0
0
0
0
0
0
0
1
0
0
0
0
0
0
0
0
0
0
0
0
0
0
0
0
0
0
0
0
0
0
0
0
0
0
0
0
0
0
0
0
0
0
0
0
0
0
0
0
0
0
0
0
0
0
0
0
0
0
0
0
0
0
0
1
0
0
0
0
0
0
0
0
0
0
0
0
0
0
0
0
0
0
0
0
0
0
0
0
0
0
0
0
0
0
1
0
0
0
0
1
0
0
0
0
0
0
0
0
0
0
0
0
0
0
0
0
0
0
0
0
0
0
0
0
0
0
0
0
0
0
0
0
0
0
0
0
0
0
0
0
0
0
0
0
0
0
0
0
0
1
0
0
0
0
0
0
0
0
0
0
0
0
0
1
0
0
0
1
0
0
0
0
0
0
0
0
0
0
0
0
0
0
0
0
0
0
0
0
0
0
0
0
0
0
0
0
0
1
0
0
0
0
0
0
0
0
0
0
0
0
0
0
0
0
0
0
0
0
0
0
0
0
0
0
0
0
0
0
0
0
0
0
0
0
0
0
0
0
0
0
1
1
0
0
0
0
0
0
0
0
0
0
0
0
0
0
0
0
0
0
0
0
0
0
0
0
0
0
0
0
0
0
0
0
0
0
0
0
0
0
0
0
1
0
0
0
0
0
0
0
0
0
0
0
0
0
0
0
0
0
0
0
0
0
0
0
0
0
0
0
0
0
0
1
0
0
0
0
0
